3.894183
0.513802
-3.561514
-2.819772
1.735801
3.943649
0.817588
-3.414285
-3.028223
1.453605
3.969386
1.116452
-3.246527
-3.218467
1.162666
3.971264
1.408600
-3.059241
-3.389355
0.864735
3.949248
1.692277
-2.853549
-3.539860
0.561606
3.903483
1.965782
-2.630704
-3.669076
0.255089
3.834238
2.227451
-2.392033
-3.776225
-0.052951
3.741935
2.475741
-2.138974
-3.860651
-0.360673
3.627124
2.709132
-1.873057
-3.921866
-0.666230
3.490510
2.926227
-1.595863
-3.959497
-0.967783
3.332895
3.125728
-1.309080
-3.973317
-1.263517
3.155227
3.306428
-1.014425
-3.963231
-1.551646
2.958588
3.467237
-0.713669
-3.929309
-1.830435
2.744157
3.607201
-0.408613
-3.871766
-2.098233
2.513223
3.725460
-0.101110
-3.790925
-2.353396
2.267176
3.821322
0.207011
-3.687292
-2.594419
2.007490
