0.000000
0.946148
0.612601
-0.549508
-0.968390
-0.077494
0.918215
0.672009
-0.483111
-0.984808
-0.154521
0.884760
0.727376
-0.413808
-0.995303
-0.230620
0.845984
0.778368
-0.342016
-0.999812
-0.305331
0.802120
0.824678
-0.268167
-0.998308
-0.378206
0.753431
0.866029
-0.192705
-0.990799
-0.448806
0.700212
0.902171
-0.116084
-0.977332
-0.516707
0.642780
0.932887
-0.038766
-0.957987
-0.581500
0.581483
0.957993
0.038786
-0.932880
-0.642797
0.516689
0.977336
0.116105
-0.902162
-0.700227
0.448787
0.990802
0.192726
-0.866018
-0.753445
0.378186
0.998309
0.268187
-0.824666
-0.802132
0.305311
0.999812
0.342035
-0.778355
-0.845995
0.230599
0.995301
0.413827
-0.727361
-0.884770
0.154501
0.984805
0.483129
-0.671994
-0.918224
0.077473
0.968385
0.549526
-0.612584
-0.946155
